D:\Programming\Anaconda_environment\python.exe D:/Personal/skule/BachelorDS/Vår22/INF273/Code/implementation/Algorithms.py
				 | 	 Average objective 	 | 	 Best Objective 	 | 	 Improvement (%) | 	 RunTime 	 | 	
======================================================================================================
Two insert babyy | 	 3038673.95 		 | 	  2849005.5 		 | 	      12.14 	 | 	       0.36  | 
Solution
[3, 5, 4, 7, 2, 6, 1, 3, 5, 4, 7, 2, 6, 1, 0, 0, 0]
				 | 	 Average objective 	 | 	 Best Objective 	 | 	 Improvement (%) | 	 RunTime 	 | 	
======================================================================================================
Two insert babyy | 	 8819195.75 		 | 	  8433784.0 		 | 	       5.87 	 | 	       0.54  | 
Solution
[14, 12, 16, 13, 9, 1, 5, 18, 10, 3, 17, 2, 4, 7, 6, 15, 11, 8, 14, 12, 16, 13, 9, 1, 5, 18, 10, 3, 17, 2, 4, 7, 6, 15, 11, 8, 0, 0, 0, 0, 0]
				 | 	 Average objective 	 | 	 Best Objective 	 | 	 Improvement (%) | 	 RunTime 	 | 	
======================================================================================================
Two insert babyy | 	 18040552.45 		 | 	 17765007.0 		 | 	       3.39 	 | 	       0.79  | 
Solution
[26, 2, 24, 35, 9, 25, 10, 15, 23, 27, 8, 30, 28, 33, 18, 29, 16, 6, 3, 21, 1, 20, 7, 4, 22, 17, 11, 34, 14, 32, 19, 12, 31, 13, 5, 26, 2, 24, 35, 9, 25, 10, 15, 23, 27, 8, 30, 28, 33, 18, 29, 16, 6, 3, 21, 1, 20, 7, 4, 22, 17, 11, 34, 14, 32, 19, 12, 31, 13, 5, 0, 0, 0, 0, 0, 0, 0]
				 | 	 Average objective 	 | 	 Best Objective 	 | 	 Improvement (%) | 	 RunTime 	 | 	
======================================================================================================
Two insert babyy | 	 46002118.75 		 | 	 44816736.0 		 | 	       4.18 	 | 	       1.86  | 
Solution
[69, 23, 40, 32, 43, 35, 1, 6, 79, 33, 50, 9, 66, 80, 16, 39, 71, 2, 10, 54, 70, 49, 13, 75, 17, 15, 11, 68, 58, 55, 14, 31, 52, 78, 28, 29, 18, 67, 56, 20, 41, 76, 22, 25, 38, 77, 47, 42, 3, 44, 63, 64, 24, 45, 7, 36, 61, 59, 30, 27, 48, 37, 34, 51, 4, 21, 74, 8, 62, 19, 12, 65, 60, 53, 5, 57, 26, 72, 73, 46, 69, 23, 40, 32, 43, 35, 1, 6, 79, 33, 50, 9, 66, 80, 16, 39, 71, 2, 10, 54, 70, 49, 13, 75, 17, 15, 11, 68, 58, 55, 14, 31, 52, 78, 28, 29, 18, 67, 56, 20, 41, 76, 22, 25, 38, 77, 47, 42, 3, 44, 63, 64, 24, 45, 7, 36, 61, 59, 30, 27, 48, 37, 34, 51, 4, 21, 74, 8, 62, 19, 12, 65, 60, 53, 5, 57, 26, 72, 73, 46, 0, 0, 0, 0, 0, 0, 0, 0, 0, 0, 0, 0, 0, 0, 0, 0, 0, 0, 0, 0]
				 | 	 Average objective 	 | 	 Best Objective 	 | 	 Improvement (%) | 	 RunTime 	 | 	
======================================================================================================
Two insert babyy | 	 76190433.35 		 | 	 75428246.0 		 | 	       1.57 	 | 	       3.47  | 
Solution
[77, 0, 13, 71, 9, 52, 98, 54, 102, 70, 94, 108, 35, 8, 126, 100, 124, 103, 3, 65, 32, 43, 107, 122, 113, 5, 29, 99, 128, 64, 110, 41, 114, 4, 88, 42, 115, 36, 20, 72, 84, 79, 101, 97, 19, 24, 91, 80, 55, 117, 23, 44, 10, 53, 38, 119, 89, 30, 39, 61, 16, 59, 45, 33, 1, 130, 67, 127, 7, 120, 129, 85, 123, 76, 28, 62, 15, 26, 14, 60, 118, 49, 47, 21, 105, 2, 86, 111, 83, 69, 116, 34, 74, 95, 78, 73, 92, 81, 96, 68, 87, 12, 121, 106, 46, 37, 50, 56, 125, 17, 31, 58, 6, 48, 51, 75, 82, 90, 66, 22, 109, 63, 11, 93, 25, 104, 18, 40, 57, 27, 112, 77, 13, 71, 9, 52, 98, 54, 102, 70, 94, 108, 35, 8, 126, 100, 124, 103, 3, 65, 32, 43, 107, 122, 113, 5, 29, 99, 128, 64, 110, 41, 114, 4, 88, 42, 115, 36, 20, 72, 84, 79, 101, 97, 19, 24, 91, 80, 55, 117, 23, 44, 10, 53, 38, 119, 89, 30, 39, 61, 16, 59, 45, 33, 1, 130, 67, 127, 7, 120, 129, 85, 123, 76, 28, 62, 15, 26, 14, 60, 118, 49, 47, 21, 105, 2, 86, 111, 83, 69, 116, 34, 74, 95, 78, 73, 92, 81, 96, 68, 87, 12, 121, 106, 46, 37, 50, 56, 125, 17, 31, 58, 6, 48, 51, 75, 82, 90, 66, 22, 109, 63, 11, 93, 25, 104, 18, 40, 57, 27, 112, 0, 0, 0, 0, 0, 0, 0, 0, 0, 0, 0, 0, 0, 0, 0, 0, 0, 0, 0, 0, 0, 0, 0, 0, 0, 0, 0, 0, 0, 0, 0, 0, 0, 0, 0, 0, 0, 0, 0]
				 | 	 Average objective 	 | 	 Best Objective 	 | 	 Improvement (%) | 	 RunTime 	 | 	
======================================================================================================
Two insert babyy | 	 170273572.05 		 | 	 169851704.5 		 | 	       0.55 	 | 	       9.94  | 
Solution
[0, 0, 0, 0, 0, 0, 0, 0, 0, 0, 0, 0, 0, 0, 0, 0, 0, 0, 0, 0, 0, 0, 0, 0, 0, 0, 0, 0, 0, 0, 0, 0, 0, 0, 0, 0, 0, 0, 0, 0, 0, 0, 0, 0, 0, 0, 0, 0, 0, 0, 0, 0, 0, 0, 0, 0, 0, 0, 0, 0, 0, 0, 0, 0, 0, 0, 0, 0, 0, 0, 67, 211, 0, 0, 0, 0, 0, 0, 21, 0, 0, 0, 0, 0, 0, 0, 0, 0, 0, 179, 219, 23, 72, 281, 253, 167, 46, 110, 66, 7, 280, 294, 11, 85, 93, 203, 290, 225, 75, 33, 216, 38, 255, 70, 8, 262, 97, 140, 251, 238, 284, 77, 144, 3, 208, 259, 51, 126, 241, 100, 233, 74, 212, 113, 82, 288, 31, 15, 184, 104, 182, 4, 118, 58, 266, 256, 106, 148, 54, 252, 138, 201, 37, 34, 107, 45, 291, 69, 16, 195, 231, 254, 18, 217, 117, 271, 183, 20, 296, 123, 57, 25, 269, 189, 63, 218, 295, 158, 139, 161, 98, 48, 87, 170, 68, 19, 181, 178, 279, 83, 35, 152, 135, 52, 278, 60, 121, 137, 234, 206, 202, 204, 244, 249, 297, 165, 2, 13, 78, 156, 298, 119, 28, 289, 109, 157, 130, 131, 175, 300, 277, 14, 180, 243, 258, 55, 239, 264, 26, 226, 274, 9, 32, 210, 80, 44, 260, 125, 198, 30, 53, 207, 90, 223, 163, 230, 275, 286, 149, 59, 29, 88, 36, 95, 237, 128, 79, 49, 124, 86, 270, 171, 5, 292, 102, 299, 164, 246, 27, 272, 221, 112, 12, 116, 147, 191, 283, 143, 1, 160, 282, 247, 242, 263, 209, 6, 120, 22, 193, 276, 194, 10, 73, 94, 17, 265, 151, 245, 64, 142, 205, 40, 105, 250, 50, 61, 197, 192, 186, 213, 43, 99, 127, 132, 114, 24, 115, 166, 220, 133, 103, 89, 41, 134, 92, 285, 96, 91, 190, 177, 47, 172, 154, 174, 196, 155, 267, 71, 129, 222, 39, 136, 62, 273, 173, 199, 42, 248, 146, 162, 84, 153, 108, 176, 81, 76, 268, 187, 185, 159, 214, 101, 261, 236, 168, 240, 65, 111, 228, 141, 145, 229, 232, 257, 227, 293, 56, 200, 169, 122, 287, 235, 150, 224, 215, 188, 67, 211, 21, 179, 219, 23, 72, 281, 253, 167, 46, 110, 66, 7, 280, 294, 11, 85, 93, 203, 290, 225, 75, 33, 216, 38, 255, 70, 8, 262, 97, 140, 251, 238, 284, 77, 144, 3, 208, 259, 51, 126, 241, 100, 233, 74, 212, 113, 82, 288, 31, 15, 184, 104, 182, 4, 118, 58, 266, 256, 106, 148, 54, 252, 138, 201, 37, 34, 107, 45, 291, 69, 16, 195, 231, 254, 18, 217, 117, 271, 183, 20, 296, 123, 57, 25, 269, 189, 63, 218, 295, 158, 139, 161, 98, 48, 87, 170, 68, 19, 181, 178, 279, 83, 35, 152, 135, 52, 278, 60, 121, 137, 234, 206, 202, 204, 244, 249, 297, 165, 2, 13, 78, 156, 298, 119, 28, 289, 109, 157, 130, 131, 175, 300, 277, 14, 180, 243, 258, 55, 239, 264, 26, 226, 274, 9, 32, 210, 80, 44, 260, 125, 198, 30, 53, 207, 90, 223, 163, 230, 275, 286, 149, 59, 29, 88, 36, 95, 237, 128, 79, 49, 124, 86, 270, 171, 5, 292, 102, 299, 164, 246, 27, 272, 221, 112, 12, 116, 147, 191, 283, 143, 1, 160, 282, 247, 242, 263, 209, 6, 120, 22, 193, 276, 194, 10, 73, 94, 17, 265, 151, 245, 64, 142, 205, 40, 105, 250, 50, 61, 197, 192, 186, 213, 43, 99, 127, 132, 114, 24, 115, 166, 220, 133, 103, 89, 41, 134, 92, 285, 96, 91, 190, 177, 47, 172, 154, 174, 196, 155, 267, 71, 129, 222, 39, 136, 62, 273, 173, 199, 42, 248, 146, 162, 84, 153, 108, 176, 81, 76, 268, 187, 185, 159, 214, 101, 261, 236, 168, 240, 65, 111, 228, 141, 145, 229, 232, 257, 227, 293, 56, 200, 169, 122, 287, 235, 150, 224, 215, 188, 0, 0, 0, 0]

Process finished with exit code 0
